123
104
99
66
62
54
60
72
80
91
105
130
175
200
250
256
251
189
183
135
132
88
85
52
50
32
0
1
34
65
83
98
96
81
77
127
135
137
147
149
154
156
158
160
170
172
183
189
195
211
218
232
242
256
253
242
228
211
199
185
176
170
160
158
156
154
152
149
152
156
160
158
156
154
149
147
145
139
137
133
127
119
110
104
98
86
77
67
63
48
44
46
75
81
83
86
88
90
92
94
96
98
100
102
104
106
108
112
125
129
133
135
133
125
121
119
116
114
112
108
106
104
102
100
92
90
92
104
106
112
114
116
119
116
114
112
110
108
110
112
114
112
110
108
106
104
92
90
92
108
125
127
135
137
139
141
149
152
154
156
158
143
129
121
114
98
96
94
89
71
62
58
54
62
73
87
102
104
114
128
135
137
143
145
143
135
130
124
122
116
125
152
158
170
172
174
185
189
193
195
197
203
207
205
197
187
168
158
147
127
100
81
73
59
52
55
92
94
96
98
106
108
110
112
114
112
110
106
104
102
104
106
108
125
133
147
154
156
158
160
158
156
147
149
156
158
160
162
164
168
170
172
174
183
185
187
189
191
201
209
218
220
218
195
178
168
166
158
156
154
147
145
143
141
139
137
135
133
131
129
127
116
127
143
149
160
162
164
166
170
174
176
180
185
183
154
141
123
110
108
110
112
114
116
119
123
116
112
110
112
114
112
123
119
116
119
121
119
114
112
110
108
100
90
81
79
81
96
100
104
106
108
110
108
100
99
107
110
112
110
107
105
103
101
95
93
91
83
52
50
33
23
21
19
6
8
25
43
48
50
54
56
64
66
68
70
72
74
77
83
93
101
105
107
120
122
124
126
128
130
134
136
143
149
159
161
167
169
178
182
188
198
211
217
223
227
233
250
256
254
231
211
198
174
161
151
147
140
138
136
134
130
128
126
124
122
120
118
110
107
105
97
95
93
64
62
43
41
35
37
52
68
85
114
126
138
157
176
184
213
250
256
125
137
143
149
152
154
164
176
185
191
193
205
207
236
238
240
256
0
62
114
132
130
120
118
116
114
112
114
118
116
114
112
109
107
105
103
95
127
143
154
158
168
170
166
152
123
116
104
102
100
98
96
83
86
104
106
110
112
114
112
106
102
100
92
86
81
75
71
73
94
102
100
97
95
93
91
89
87
85
81
79
74
72
70
72
79
81
83
85
87
89
95
97
99
97
95
99
101
99
97
99
101
103
105
107
110
107
105
101
99
97
95
123
110
102
100
102
104
127
129
131
133
137
139
141
143
145
147
164
166
174
180
183
189
191
193
195
197
191
189
191
203
205
207
213
220
226
230
232
238
242
244
246
249
246
240
236
228
226
224
222
209
207
205
203
195
191
189
185
172
170
168
162
160
156
154
152
149
147
145
143
139
137
135
133
131
129
127
123
121
112
110
106
104
106
125
119
116
114
116
119
123
121
119
110
112
114
116
119
116
115
114
117
116
118
124
126
135
137
135
122
118
116
114
110
108
106
99
97
91
87
85
83
81
75
73
71
73
87
93
95
104
108
120
130
132
135
137
139
143
157
168
170
172
174
186
194
199
205
209
211
215
229
232
238
244
246
256
252
219
201
192
178
174
165
161
157
155
153
151
149
147
145
143
141
135
132
128
126
124
116
112
106
102
93
89
91
97
99
127
129
131
133
135
137
139
141
143
145
152
154
160
162
164
170
172
187
189
201
205
211
209
191
176
166
156
154
145
139
133
114
110
108
98
96
94
92
86
79
67
61
57
52
40
32
34
65
75
88
94
96
98
106
108
110
112
114
116
119
121
119
116
110
106
108
110
112
114
116
121
123
125
114
110
112
110
104
102
100
98
96
94
90
92
119
123
125
156
185
207
228
238
236
218
213
203
199
201
207
209
213
211
207
205
203
201
199
197
195
193
191
193
207
222
238
244
251
256
253
236
228
216
207
197
187
185
178
174
170
174
191
195
203
205
207
218
220
230
238
242
251
255
256
255
251
249
238
236
228
224
218
216
213
211
207
201
195
191
189
187
168
156
125
123
121
119
110
104
102
100
92
88
81
73
67
61
55
48
40
32
24
15
13
11
13
40
52
57
67
73
75
86
92
98
102
108
112
114
127
125
102
94
92
129
143
145
147
154
156
162
170
172
178
185
183
154
125
92
63
50
32
22
1
0
1
36
71
96
119
176
195
220
228
240
246
240
203
170
145
141
